0	0
0	1
1	2
2	3
3	4
1	5
4	6
5	7
5	8
6	9
7	10
4	11
8	12
9	13
10	14
11	15
12	16
13	17
14	18
15	19
16	20
17	21
18	22
19	23
20	24
13	25
18	26
15	27
21	28
22	29
23	30
18	31
24	32
25	33
26	15
25	32
18	34
27	35
28	29
16	36
13	37
29	38
13	39
14	40
25	41
30	42
31	43
32	44
33	45
12	46
34	47
35	47
11	37
36	48
16	49
35	50
13	51
37	52
12	53
38	54
39	55
40	56
25	15
16	57
41	52
13	52
42	58
31	59
43	60
44	61
45	61
19	62
46	63
47	64
47	65
23	66
26	67
26	32
14	68
48	30
25	69
43	30
26	70
18	71
22	72
49	61
18	73
18	74
50	75
51	76
20	77
18	78
52	79
51	80
23	78
13	81
43	23
32	82
32	72
53	83
13	72
36	84
16	85
30	86
36	87
29	88
26	89
32	90
23	91
13	65
54	92
26	92
29	93
25	27
55	94
13	95
34	96
45	97
50	98
53	62
56	99
43	100
57	101
36	102
57	49
55	15
58	103
54	104
12	105
59	62
15	106
55	107
60	108
21	89
49	109
37	110
40	111
30	112
61	113
48	114
62	81
63	115
64	39
65	62
39	116
16	115
60	117
54	118
16	119
50	120
66	121
13	122
25	123
31	124
14	125
29	126
67	127
18	128
42	129
14	130
35	131
25	132
54	32
26	133
12	134
61	135
30	136
13	137
68	138
16	139
69	140
50	141
60	62
69	142
32	143
36	143
58	81
16	144
13	145
70	146
49	147
30	146
12	148
21	62
57	32
34	146
11	146
71	43
13	146
26	149
13	150
33	151
31	152
13	153
61	32
46	154
36	155
32	156
16	157
12	158
15	15
26	159
13	160
49	161
16	162
13	163
48	29
50	164
14	29
16	165
26	166
39	148
72	41
49	167
37	167
13	168
13	169
28	170
13	171
50	32
49	28
14	170
19	172
18	98
13	173
22	174
24	30
57	106
25	175
13	176
13	177
36	138
13	178
73	179
49	180
15	181
14	182
24	183
16	184
68	185
14	186
12	187
12	188
43	189
14	190
42	190
36	191
31	192
36	193
31	70
32	194
36	195
13	196
20	149
48	49
11	41
35	134
74	197
13	198
36	99
30	199
32	200
36	201
50	188
19	202
74	203
14	204
25	205
29	206
55	206
29	207
16	208
50	209
25	210
57	25
49	49
26	211
26	212
29	213
20	214
16	215
30	41
32	206
11	206
75	216
39	206
50	217
23	205
30	218
11	93
18	122
14	218
55	219
54	220
20	221
26	182
11	122
13	222
24	223
52	224
29	225
39	225
75	225
30	226
72	227
22	225
25	228
76	97
21	225
17	225
60	225
51	227
16	229
15	225
40	225
36	49
77	225
11	225
20	62
40	174
57	230
50	231
36	231
11	231
22	231
26	195
78	231
26	232
15	233
77	234
79	235
43	236
73	237
55	37
22	238
80	231
13	231
51	231
16	239
81	205
81	155
26	240
81	241
77	231
76	231
29	242
54	78
81	219
61	243
40	216
22	154
52	242
77	244
32	245
70	244
34	32
23	246
19	247
12	237
23	248
16	249
57	250
23	100
76	244
82	251
41	252
35	253
11	244
37	27
48	27
37	123
15	244
37	254
14	255
61	256
49	257
22	244
37	258
23	259
42	244
55	194
83	123
40	244
37	260
37	261
29	244
75	244
50	227
17	244
17	198
11	262
42	198
25	263
11	198
84	264
22	198
12	265
43	266
47	198
15	267
85	268
40	198
25	269
86	270
12	78
77	198
51	198
36	198
13	271
20	272
19	273
19	274
87	106
19	275
16	276
48	277
26	278
50	279
32	280
49	280
50	281
54	77
32	282
18	283
14	284
50	77
45	285
13	77
15	286
81	286
13	287
25	288
13	289
29	227
86	195
13	215
55	62
14	235
16	235
51	290
36	291
14	31
61	30
50	292
50	293
16	294
14	295
22	270
11	296
30	297
30	270
13	270
61	222
36	298
83	98
16	299
16	300
14	301
25	302
26	77
22	303
16	42
57	304
58	265
16	305
26	306
23	307
54	27
88	163
56	308
50	309
67	310
13	218
31	60
16	163
89	148
36	175
60	311
16	161
35	312
35	313
31	238
16	314
27	315
31	41
25	316
32	62
79	317
34	193
16	265
36	234
90	318
90	319
37	234
16	320
23	321
91	93
52	123
21	234
50	322
80	303
13	189
16	323
13	164
13	234
55	324
13	325
14	326
14	327
52	328
16	329
37	330
53	331
60	332
34	49
22	333
78	333
35	31
34	218
36	266
74	333
50	334
13	335
51	41
92	336
25	155
25	337
77	338
50	339
25	340
16	341
25	49
13	342
36	343
22	134
30	134
36	344
47	134
16	154
86	134
32	345
49	346
12	227
51	216
60	134
17	347
16	348
15	347
25	349
11	347
47	350
22	351
79	352
54	43
43	154
13	43
31	218
69	191
36	353
16	354
32	191
42	355
63	356
63	62
48	357
27	358
55	96
49	191
93	191
31	191
19	359
13	360
22	361
49	362
34	363
13	364
70	365
29	222
16	366
54	367
11	62
11	173
12	368
13	369
19	370
54	305
92	371
13	370
77	58
55	241
17	372
32	373
13	373
43	106
25	71
13	374
16	375
13	376
31	377
50	378
69	245
19	379
13	380
19	381
19	382
26	214
17	134
13	383
63	384
16	385
13	79
47	386
32	387
53	296
40	296
50	96
13	296
36	388
94	97
46	62
13	389
13	390
13	391
30	392
13	49
69	393
43	394
32	395
18	396
21	395
13	395
80	62
20	227
13	227
30	222
16	397
37	398
25	399
36	76
22	218
68	400
35	401
50	402
18	352
13	28
32	403
13	33
50	269
36	404
26	328
13	328
36	380
13	265
16	405
34	27
13	27
69	406
35	407
23	408
90	409
36	15
13	409
95	410
29	411
43	412
44	23
14	410
32	413
50	414
16	415
55	416
55	302
36	417
32	418
36	328
14	261
37	419
37	420
20	416
14	421
13	319
37	422
13	423
22	422
56	424
50	425
23	426
77	28
32	427
66	428
16	81
16	138
31	266
50	110
31	291
43	291
25	429
19	58
40	65
13	430
27	431
48	415
36	432
63	49
64	265
48	270
14	433
45	136
16	88
26	372
36	434
14	393
80	435
22	81
16	103
96	265
22	109
13	436
43	62
49	437
46	96
14	124
43	438
34	439
47	440
57	96
16	441
84	202
31	441
14	441
53	442
49	443
74	226
14	444
26	445
22	357
14	357
16	357
43	32
25	214
12	446
14	447
13	448
47	449
16	450
49	78
11	158
49	451
14	323
42	452
60	453
14	454
54	123
50	455
13	254
15	196
32	151
36	456
50	457
22	458
69	278
23	459
13	460
32	278
36	278
16	269
26	123
14	461
15	90
31	278
16	462
50	463
15	65
25	278
43	464
26	41
36	465
68	106
16	177
12	216
13	388
15	216
34	216
22	466
22	216
57	216
67	77
54	467
44	468
40	319
61	469
13	134
60	470
50	471
16	78
39	469
20	222
80	15
56	472
56	473
43	474
97	218
22	475
26	476
18	41
26	249
36	477
34	312
50	464
26	27
50	78
43	41
37	325
58	41
16	478
27	41
54	41
73	479
25	416
90	480
50	41
48	32
23	481
32	41
84	41
52	425
16	482
70	41
61	483
51	484
42	28
78	41
57	41
13	41
16	485
37	486
16	41
30	389
27	123
26	487
35	484
49	15
13	488
27	30
25	489
14	478
38	82
27	256
40	196
13	372
25	149
27	32
83	32
97	490
34	491
58	89
83	27
32	492
36	358
60	493
26	494
13	494
57	205
29	495
76	496
28	18
31	497
13	498
73	65
58	499
25	500
36	501
56	501
44	501
32	502
13	151
39	503
53	478
34	202
92	362
98	269
29	504
99	505
100	506
101	507
102	508
103	509
104	510
105	511
106	512
107	513
108	514
109	515
110	516
111	517
112	518
113	519
105	520
106	521
114	522
115	523
108	524
116	525
117	526
104	527
108	528
108	529
118	530
110	531
113	532
119	533
102	534
120	535
121	536
116	537
112	516
105	538
107	522
111	539
122	540
123	541
124	542
110	543
113	544
104	545
112	546
122	547
111	524
125	548
126	549
111	550
127	551
113	536
108	552
128	553
129	554
130	555
122	556
126	557
124	553
119	558
121	559
131	560
132	524
109	561
108	562
101	563
133	523
134	564
116	516
135	565
116	566
131	567
119	568
136	569
99	570
135	571
137	535
105	519
109	572
108	573
138	574
139	575
140	576
141	575
142	577
