0	0
1	1
1	2
2	3
3	4
3	5
3	6
3	7
4	5
4	6
4	7
4	4
5	8
5	9
6	10
7	11
7	12
8	13
8	14
8	15
8	16
8	17
8	18
8	10
8	19
8	20
8	21
8	22
9	23
10	24
11	24
12	25
13	26
14	28
15	29
16	23
16	30
16	31
17	32
18	33
19	33
20	25
21	5
22	34
23	35
23	36
24	37
25	38
26	39
27	40
28	40
29	41
30	42
31	42
32	34
33	43
33	44
34	45
35	46
36	47
36	48
36	49
36	50
37	51
38	25
39	58
39	59
39	60
40	61
41	62
41	63
42	64
43	65
44	66
45	67
46	68
47	69
48	70
49	71
50	72
50	73
51	74
52	75
52	76
53	78
53	79
54	80
55	81
56	82
57	83
58	84
59	85
59	86
60	87
60	88
61	89
61	90
61	91
62	92
63	93
64	94
65	74
66	76
67	95
68	96
70	99
71	100
72	101
73	102
73	103
73	104
74	102
75	105
76	106
77	107
78	108
78	109
79	110
80	111
81	112
81	113
81	114
82	115
83	116
84	117
84	118
85	115
86	119
86	120
86	121
86	122
87	117
87	118
88	125
89	126
89	127
90	128
91	129
92	130
93	131
94	132
66	134
95	135
96	135
97	136
98	137
99	138
99	139
100	140
101	141
103	142
104	143
104	144
104	145
104	146
104	147
104	148
104	149
105	150
105	151
106	152
107	153
108	142
109	154
110	155
111	156
112	158
113	159
113	160
114	161
115	162
115	163
116	164
117	167
117	172
117	173
117	175
117	176
117	178
117	179
118	180
118	181
118	182
118	183
119	180
120	186
121	187
121	188
122	189
122	190
122	191
122	192
123	194
123	195
124	196
124	197
125	198
126	199
127	200
128	201
128	202
129	203
130	204
130	162
130	205
130	206
130	207
131	208
131	209
132	210
132	211
132	212
132	213
132	214
132	215
132	216
132	217
132	218
132	219
132	220
132	221
132	222
132	223
132	224
132	225
132	226
132	227
132	228
132	229
132	230
132	231
132	232
132	233
132	234
133	211
133	235
133	236
133	218
133	220
133	225
133	212
133	237
133	216
133	210
133	233
133	238
133	229
133	230
133	217
133	226
133	213
133	239
133	234
133	221
133	219
134	213
135	213
136	182
136	240
136	241
136	242
136	243
136	244
136	245
136	246
136	247
136	248
136	249
136	204
136	250
136	251
136	252
136	253
137	254
137	255
137	256
138	162
138	257
138	205
138	258
138	259
138	250
138	260
138	206
138	183
138	244
138	261
138	245
138	262
138	263
138	207
138	264
138	265
138	266
138	267
138	268
138	204
138	241
138	269
138	270
138	271
138	272
138	273
139	274
139	275
139	276
139	189
139	277
139	278
139	279
139	280
139	281
139	282
139	283
139	284
139	285
139	286
139	287
139	288
139	259
139	289
139	290
139	291
139	292
139	293
139	294
139	295
139	296
139	297
139	298
139	299
139	300
139	301
139	302
139	303
139	304
139	305
139	306
139	307
139	226
139	308
139	309
139	310
139	311
139	312
139	313
139	314
139	315
139	316
139	317
139	318
139	319
139	320
139	237
139	321
139	322
139	323
139	324
139	193
139	325
139	326
139	327
139	328
139	329
139	330
139	331
139	332
139	333
139	334
139	335
139	336
139	337
139	338
139	339
139	340
139	341
139	342
139	343
139	344
139	345
139	346
139	347
139	348
139	349
139	350
139	351
139	352
139	353
139	354
139	355
139	180
139	356
139	357
139	358
139	359
139	360
139	361
139	362
139	363
139	364
139	365
139	366
139	367
139	368
139	369
139	370
139	371
139	372
139	373
139	374
139	375
139	376
139	377
140	193
141	378
141	379
141	380
141	381
141	382
141	383
141	384
141	385
141	386
141	387
141	388
141	389
141	390
141	391
141	392
141	393
141	394
141	395
141	396
141	397
141	398
141	399
141	400
141	401
141	402
141	403
141	404
141	405
141	406
141	407
141	408
141	409
141	410
141	411
141	412
141	413
141	414
141	415
141	416
141	417
141	418
141	419
141	420
141	421
141	422
141	423
141	424
141	425
141	306
141	426
141	427
141	428
141	174
141	429
141	319
141	430
141	431
141	432
141	433
141	434
141	275
141	435
141	436
141	437
142	392
142	438
142	439
142	415
142	390
142	379
142	440
142	433
142	424
142	378
142	387
142	441
143	379
143	378
144	356
144	442
144	443
144	377
145	193
146	444
146	183
147	445
147	446
147	447
148	448
148	183
148	449
148	180
148	450
148	325
148	451
148	452
148	453
148	454
148	455
148	456
148	457
148	458
148	369
148	459
148	460
148	461
148	462
148	463
149	281
149	464
149	465
149	466
149	448
149	275
150	300
150	460
151	467
152	468
152	379
153	469
153	470
153	471
153	472
153	473
153	474
153	475
153	476
153	477
153	478
153	479
153	467
154	306
155	304
155	480
155	481
155	482
156	483
156	484
156	485
156	486
156	487
156	275
156	193
156	488
156	448
156	489
156	490
156	491
156	492
156	493
156	494
156	495
156	496
156	497
156	498
156	499
156	500
156	501
157	502
157	503
157	504
157	505
157	506
157	507
158	509
158	510
158	511
158	512
158	513
158	514
158	515
158	516
159	517
159	518
159	315
159	519
160	520
160	521
161	518
162	522
163	523
164	524
164	525
165	526
166	527
166	528
166	529
166	530
167	531
167	532
167	245
167	250
167	533
168	534
169	487
169	489
169	484
169	500
169	535
169	193
169	501
170	460
170	536
170	314
170	537
170	538
170	539
170	540
170	541
170	193
170	446
170	542
170	543
170	544
170	545
170	546
170	547
170	548
171	549
171	550
172	551
173	552
173	553
173	554
174	555
174	556
174	557
174	558
175	559
176	513
177	560
177	244
177	561
178	193
179	193
179	562
180	563
181	272
181	564
182	565
183	566
184	268
184	567
184	275
185	568
185	569
186	570
186	553
186	571
186	572
186	573
187	292
187	574
187	563
187	345
187	575
188	576
188	577
188	578
189	579
189	580
189	581
190	582
191	583
191	215
191	584
191	585
191	586
192	441
192	415
192	587
192	588
192	589
192	590
192	591
192	592
192	593
193	594
193	544
194	595
194	596
195	594
195	544
195	597
196	598
197	599
197	600
197	601
197	391
197	602
197	345
198	193
199	345
199	603
199	467
199	378
200	604
201	345
201	533
201	193
201	605
201	606
202	607
202	608
185	609
203	610
203	611
203	612
203	613
203	614
203	615
203	616
203	617
203	618
203	619
204	620
204	621
204	607
205	622
205	291
205	623
205	598
205	460
205	624
205	625
205	580
205	345
205	626
205	363
205	193
205	627
206	628
206	629
206	630
206	631
207	632
208	633
209	577
209	634
209	635
209	636
210	637
211	357
211	638
211	538
211	590
211	639
211	291
211	345
212	640
212	641
212	642
212	643
212	644
212	624
212	645
212	535
212	646
212	647
212	648
212	331
212	649
213	646
213	650
214	640
215	357
215	325
215	651
215	348
215	652
216	440
217	193
218	205
218	653
219	654
219	563
219	655
219	157
219	292
219	656
219	345
219	529
220	657
220	543
220	658
220	335
220	659
220	660
220	661
221	222
221	502
221	662
221	219
221	663
222	331
222	664
222	665
223	666
223	667
223	668
224	669
225	333
225	374
225	297
225	352
225	281
225	334
225	276
225	275
225	304
225	670
225	317
225	294
225	671
225	360
225	300
225	314
225	278
225	308
225	465
225	259
225	672
225	336
225	354
225	326
225	289
225	347
225	353
225	277
225	295
226	673
227	674
227	675
227	350
227	676
228	677
228	678
228	679
228	680
228	681
229	325
229	350
229	682
229	331
229	683
229	484
229	684
229	685
229	467
229	686
229	193
229	687
229	688
229	689
229	690
229	691
229	692
229	222
229	566
229	693
229	694
229	695
229	696
229	697
229	265
229	345
229	507
229	698
229	699
229	655
229	700
229	701
229	702
229	703
229	594
229	308
229	704
229	705
229	706
229	707
229	708
229	709
229	674
229	710
229	711
229	614
229	712
229	329
229	713
229	565
229	714
229	715
229	327
229	286
229	716
229	389
229	717
229	718
229	719
229	588
229	720
229	288
230	440
230	721
230	722
230	723
230	724
230	357
231	725
231	509
231	729
231	731
231	733
231	451
231	452
231	591
231	483
231	736
231	737
231	739
231	740
231	678
231	743
231	744
231	299
231	745
231	181
231	562
231	747
231	462
231	588
231	750
231	751
231	276
231	752
231	753
231	754
231	755
231	175
231	467
231	624
231	756
232	757
232	758
232	759
232	760
232	761
232	762
233	215
233	763
233	357
233	764
233	765
233	524
234	766
234	543
235	767
235	768
235	345
236	769
237	770
237	771
237	772
237	238
237	216
237	773
238	774
238	775
238	324
239	537
239	776
239	529
240	699
240	680
240	773
241	777
241	778
241	779
241	205
241	780
242	516
243	781
243	782
244	537
245	783
245	240
245	784
245	193
245	785
245	331
245	508
245	786
245	787
245	788
245	789
245	325
245	790
245	543
245	263
245	791
245	792
245	793
245	537
245	714
245	640
245	794
245	795
245	556
245	796
245	241
245	797
245	798
245	799
245	800
245	446
245	205
245	801
245	802
245	803
245	804
246	805
247	806
248	807
249	807
250	688
250	808
250	535
250	809
250	810
250	811
250	812
250	813
250	484
250	814
250	379
250	507
250	815
250	816
250	516
250	529
250	386
250	817
250	818
250	682
250	581
250	819
250	820
250	748
250	424
250	821
250	766
250	822
250	685
250	823
250	824
250	825
250	826
250	711
250	827
250	828
250	829
250	830
250	222
250	237
250	831
250	832
250	833
250	439
250	834
250	835
250	836
250	837
250	838
250	839
250	840
250	841
250	842
250	704
250	234
250	843
250	304
250	844
250	217
250	845
250	846
250	847
250	427
250	848
250	849
250	850
250	550
250	851
251	852
251	853
251	854
252	469
253	586
254	855
255	299
256	241
256	856
257	315
257	857
257	227
257	699
257	858
257	671
257	859
257	860
258	633
259	183
260	183
261	861
261	862
261	863
261	864
261	183
261	865
261	866
261	867
262	183
262	284
262	588
263	868
263	752
264	869
265	467
266	870
266	871
266	872
266	407
266	873
267	874
267	875
267	876
267	164
267	877
267	878
267	879
268	588
268	880
269	881
269	472
270	882
271	871
271	872
272	883
273	884
273	885
274	886
275	887
276	284
276	183
276	588
276	888
277	164
278	889
279	473
279	890
279	891
279	892
279	893
279	894
279	581
279	610
279	895
279	896
279	897
279	378
279	898
279	899
280	893
280	892
281	391
281	900
281	901
282	223
283	902
283	484
283	903
283	904
283	550
284	905
284	906
284	459
284	907
284	908
284	909
284	335
284	910
284	274
285	274
286	911
286	910
286	326
286	174
286	335
287	274
288	912
288	747
288	913
288	175
288	210
288	534
288	760
288	914
288	176
288	325
288	906
288	167
288	835
289	915
289	916
289	917
290	291
290	918
290	505
291	907
291	919
291	908
291	835
291	905
291	459
291	910
291	167
291	913
291	356
291	335
291	920
291	168
291	909
291	921
291	922
291	906
292	923
292	924
292	925
292	926
292	652
292	927
292	928
292	929
292	930
292	931
292	932
292	933
292	274
292	934
292	935
292	936
292	937
293	193
293	621
293	460
293	938
293	350
293	939
293	513
293	339
293	291
293	940
293	941
293	942
293	943
293	944
293	945
293	946
293	947
293	492
293	948
293	798
293	949
293	775
293	950
293	951
293	952
293	953
293	634
293	954
293	955
293	956
293	957
293	958
293	959
293	440
293	565
293	636
293	960
293	356
293	961
293	962
293	963
293	964
293	965
293	966
293	967
293	764
293	968
293	969
293	345
293	970
293	971
293	562
293	892
293	972
293	358
293	236
293	535
293	973
293	974
293	975
293	976
293	977
293	978
293	431
293	979
293	529
293	980
293	981
293	982
293	983
293	277
293	697
293	984
293	491
293	985
293	986
293	987
293	988
293	685
293	989
293	990
293	192
293	991
294	291
294	193
294	460
295	992
296	993
297	900
298	875
298	994
298	995
298	996
298	997
298	998
298	999
298	1000
298	559
298	1001
298	1002
298	1003
298	1004
298	1005
299	223
299	998
299	1006
299	1000
299	1007
299	559
299	999
300	1008
300	1009
300	1010
300	1011
300	1012
300	660
300	1013
301	460
301	193
301	1014
301	1015
301	1016
301	1017
301	1018
301	1019
301	1020
301	513
302	193
302	1021
303	1019
304	1022
304	1012
304	1023
304	1013
304	1008
304	1024
304	1011
304	269
305	193
305	1025
305	958
306	258
306	1026
306	747
306	529
306	1027
306	878
306	193
307	680
307	1028
308	1029
308	1030
308	1031
308	1032
309	291
310	1033
310	396
310	163
310	1034
310	1035
310	378
310	1036
310	1037
310	1038
310	1039
310	625
310	1040
310	1041
310	1042
310	1043
310	1044
310	373
310	1045
310	1046
310	1047
310	1048
310	1049
310	1050
310	1051
310	1052
310	831
310	1053
310	601
310	409
310	1054
310	291
310	1055
310	1056
310	1057
310	1058
310	550
310	1059
310	1060
310	319
310	1061
310	516
310	714
310	431
310	860
310	968
310	1062
310	900
310	1063
310	1064
310	1065
310	838
310	1066
310	1067
310	390
310	237
310	460
310	1068
310	1069
310	379
310	1070
310	848
310	1071
310	1072
310	1073
310	1074
310	1075
310	1076
310	685
310	184
310	559
310	1077
310	416
310	1078
310	1079
310	1080
310	1081
310	607
310	190
310	1082
310	164
310	823
310	1083
310	822
310	1084
310	339
310	331
310	1085
310	427
310	207
310	834
310	1086
310	1087
310	844
310	1088
310	258
310	1089
310	1090
310	1091
311	1092
311	848
311	1093
311	1094
311	1095
311	1096
311	1097
311	1039
311	1098
311	230
311	1044
311	1099
311	1056
311	1100
311	258
311	1049
311	1101
311	193
311	1102
311	308
311	301
311	1103
311	1104
311	1034
311	1042
311	785
311	1105
311	1106
311	817
311	834
311	1071
311	1107
311	900
311	1108
311	1109
311	851
311	822
311	507
311	1110
311	1111
311	427
311	1112
311	1113
311	1114
311	1115
311	384
311	262
311	1081
311	1065
311	1075
311	1116
311	853
311	1117
311	1118
311	1119
311	1120
311	1121
312	1122
313	1000
313	999
313	995
313	998
314	275
315	1123
315	1124
315	1125
315	1126
315	834
316	1008
316	305
317	1127
318	1138
319	537
320	250
321	806
321	311
322	1139
323	1140
323	344
323	211
323	225
323	939
323	230
323	217
323	606
324	344
324	234
324	220
325	1141
326	1141
327	311
328	1142
328	1143
329	1144
330	1145
330	1146
330	1147
330	1148
330	1149
330	1150
330	301
331	1151
331	1152
331	1153
331	1154
331	1155
331	1156
331	1157
332	1080
333	604
334	1158
334	1159
334	1160
334	806
335	345
336	245
336	243
336	204
336	242
336	253
336	244
336	251
337	1161
337	1162
337	913
337	674
337	1163
337	860
337	604
337	1164
337	1009
337	1165
337	565
337	1166
337	1167
337	1168
337	176
337	838
337	1169
337	1170
337	1171
337	336
337	1144
337	415
337	1172
337	1173
337	1174
337	618
337	1175
337	304
337	1176
337	210
337	183
337	452
337	1177
337	220
337	833
337	1178
337	424
337	1179
337	823
337	1180
337	1150
338	1182
338	1183
338	650
338	1184
339	376
340	1185
341	565
341	1186
342	537
342	268
342	1187
342	193
342	1188
342	1189
343	292
344	1190
344	1191
344	1192
344	1193
344	1194
345	1195
345	1196
345	650
346	1197
346	217
346	1198
346	660
346	223
346	1199
346	1200
346	599
346	580
346	1201
346	1202
347	207
347	1203
347	315
347	162
347	581
348	1204
349	448
349	819
349	1205
349	469
349	1206
349	1207
349	507
349	1208
349	193
349	367
349	1209
349	548
349	978
349	529
350	217
350	1210
350	1211
350	216
350	174
350	1212
350	193
350	493
351	183
156	1166
352	193
352	568
353	1213
354	350
355	1095
356	250
356	1214
357	1215
357	1216
357	1217
357	1218
357	804
357	1219
357	1220
357	889
357	291
357	1221
357	1222
357	348
357	1223
357	1224
358	576
358	1040
359	808
359	1225
359	741
359	877
359	315
359	301
359	1226
359	851
360	418
360	1227
360	835
360	809
360	379
360	1228
361	448
361	669
361	317
361	1229
362	993
362	415
362	1230
362	193
362	835
362	1231
362	1232
362	1233
363	625
363	460
363	418
363	809
363	1234
363	193
363	1227
363	379
364	1235
364	193
364	1236
364	1237
364	1238
364	1239
364	1240
364	1241
365	1242
365	1243
366	1244
367	993
368	1245
368	752
368	1246
368	1247
368	553
369	171
369	1248
370	1249
371	1250
371	379
371	1251
372	1179
372	460
372	1252
372	257
373	169
374	981
374	1253
374	1254
374	1255
374	337
374	1256
374	1257
374	1258
374	1259
374	463
374	475
375	711
376	1260
376	1261
376	1262
377	1263
377	1264
378	1265
378	1266
378	1267
378	250
378	241
378	251
378	204
378	253
378	598
378	1268
379	1269
380	1270
380	1271
380	1272
380	1267
381	162
381	1273
381	1274
382	806
382	1275
383	1175
383	1276
383	1277
384	1278
384	834
384	1279
384	1280
384	174
385	1281
386	304
387	167
387	193
387	1282
387	1130
387	220
387	1283
388	1284
389	251
389	250
389	204
389	242
389	182
389	241
389	1285
389	1286
389	253
389	252
389	1287
390	958
390	792
390	263
390	1025
391	1288
392	1289
393	1290
393	1291
393	230
393	1292
393	217
393	1293
394	1294
394	1295
394	1296
395	1297
396	1024
396	860
396	660
396	1010
397	1298
397	218
397	1202
397	1299
397	1300
397	1198
397	223
397	217
397	993
398	1211
398	193
398	683
398	1301
398	217
398	216
399	1217
399	193
399	1302
399	450
400	1303
401	877
401	296
401	1134
401	1304
401	1305
401	752
401	1226
401	475
401	486
401	1306
401	298
401	560
402	1307
402	958
402	263
402	792
403	421
403	823
403	888
403	1308
403	1309
403	559
403	1310
403	660
403	1311
403	838
403	1312
403	1134
404	1313
404	1314
404	1315
405	1316
405	1317
405	835
405	1318
405	1010
405	1319
405	1320
405	660
405	174
405	1321
406	968
406	889
406	224
406	1322
406	1323
406	1324
406	973
407	693
407	275
407	1325
407	1326
407	1207
407	241
407	1003
407	204
407	245
407	240
407	541
407	537
407	1327
407	1328
407	1329
407	1330
407	553
407	598
407	250
407	540
407	877
407	263
408	1331
409	344
410	281
410	448
410	565
410	484
410	1332
410	1333
410	347
410	566
411	1334
411	1335
411	427
411	1336
411	173
411	1074
411	1337
412	304
413	537
414	859
414	601
414	1338
414	1309
414	636
414	1339
414	275
414	1340
414	1341
414	1342
414	565
414	1130
414	877
414	892
414	1343
414	691
414	1344
414	1345
414	1038
414	1346
414	1043
414	1065
414	1347
414	1348
414	1349
414	1350
414	1180
414	1351
414	1227
414	1352
414	654
414	1353
414	470
414	1354
414	1355
414	688
414	1356
414	1357
415	1358
415	1350
415	509
415	210
415	1344
415	601
415	392
415	1359
415	1207
415	565
415	1355
415	193
415	448
415	409
415	1360
415	1361
415	877
415	1362
415	1339
415	1363
415	1180
415	329
415	947
415	859
415	1130
415	769
415	1338
415	163
415	1364
415	1349
415	339
415	1365
415	968
415	654
415	219
416	1016
416	1043
417	205
417	162
417	448
417	1366
417	696
417	490
417	460
417	951
417	1367
417	1368
417	304
417	562
417	1369
417	1370
417	1041
417	1371
417	1372
417	1373
417	1374
417	314
417	1375
417	331
417	350
417	453
417	1068
417	570
417	538
417	343
417	1376
417	728
417	465
417	193
417	1377
417	1261
417	1378
417	1379
417	1380
417	328
417	652
417	643
417	454
417	1381
417	281
417	358
417	324
417	1382
417	464
417	1383
417	292
417	1325
417	1384
417	1385
417	1386
417	1387
417	535
417	1388
417	1389
417	1390
417	623
417	1391
417	357
417	356
417	258
417	284
417	371
417	369
417	1392
417	275
417	1393
418	698
418	586
418	808
418	1394
418	830
418	1197
418	1395
418	1396
418	1397
418	1398
418	1399
418	835
418	1400
418	1401
418	1402
418	452
418	1403
418	1404
418	1405
418	1406
418	1407
418	712
418	1408
418	397
418	1409
418	1410
418	1411
418	1412
418	1413
418	1414
418	1415
418	1416
418	1417
418	1418
418	1419
418	1420
418	1421
418	1422
418	1423
418	1255
418	1424
418	1425
418	913
418	1426
418	687
418	785
418	1427
418	1428
418	1429
418	1430
418	1431
418	1432
418	1433
418	1434
418	1435
418	1436
418	1012
418	1437
418	1438
418	1439
418	1440
418	1441
418	1442
418	1443
418	1444
418	1445
418	1446
418	215
418	1447
418	1448
418	1449
418	1450
418	1451
418	349
418	1452
418	625
418	1453
418	1454
418	1455
418	339
418	1456
418	1457
418	383
418	1458
418	559
418	1459
418	1460
418	1461
418	433
418	1462
418	1463
418	1464
418	1465
418	1466
418	1467
418	1202
418	1468
418	1092
418	1469
418	408
418	1470
418	1471
418	163
418	1472
418	1473
418	1474
418	1475
418	377
418	1476
419	324
419	1416
419	275
419	851
419	1477
419	1478
419	808
419	577
419	475
419	1479
419	1040
419	741
419	1480
419	198
419	1092
419	1481
419	586
419	1437
419	718
419	1482
419	204
419	785
419	712
419	465
419	1447
419	313
419	265
419	494
419	1148
419	1255
419	734
419	1483
419	301
419	1484
419	379
420	1485
420	806
420	402
420	440
420	396
420	1231
420	184
421	1486
421	359
421	1487
422	184
422	1485
422	440
422	1488
422	384
423	1489
424	379
424	311
425	413
426	1489
427	1490
427	376
427	625
427	1491
427	1492
427	1312
427	1493
427	162
427	719
427	1494
427	1495
427	1496
427	1187
427	694
427	1497
427	1265
427	1498
427	516
427	1499
427	1500
427	1501
427	484
427	1502
427	285
427	950
427	726
427	575
427	350
427	636
427	1503
427	1504
427	909
427	302
427	968
427	1505
427	1506
427	1507
427	1115
427	1508
427	260
427	766
428	1509
428	1510
429	345
430	1511
431	415
432	1512
432	339
432	968
432	1513
432	450
432	565
432	971
432	505
432	1510
432	466
432	1514
432	1515
432	773
432	1516
432	1350
432	1517
432	1518
432	618
432	236
432	1519
432	1520
432	395
432	1509
432	408
432	1521
432	694
432	1522
432	801
432	1523
432	162
432	1524
432	168
432	257
432	1525
432	1526
432	1368
432	1527
432	219
432	1528
432	913
432	875
432	174
432	167
432	193
432	1529
432	535
432	258
432	601
432	1530
432	619
432	1416
432	952
432	1095
432	560
432	228
432	1531
432	1532
432	1533
432	697
432	220
432	1534
432	1535
432	1536
432	399
432	1537
432	301
432	1538
432	1539
432	1540
432	835
432	1541
432	412
432	1542
432	1543
432	304
432	324
432	1544
432	331
432	230
432	1545
432	1546
432	1547
432	1548
432	378
432	623
432	1549
432	1550
432	1551
432	1552
432	1553
432	712
432	1469
432	625
432	288
432	1554
433	1531
433	1555
433	1556
433	1515
433	169
433	1557
433	1129
433	1558
433	593
433	170
433	193
433	505
433	1559
433	1560
433	1561
433	1095
433	1562
433	166
433	1528
433	1563
433	1564
433	1565
433	1566
433	1567
434	229
434	235
434	1568
434	1569
434	557
434	854
434	217
434	230
434	239
435	275
436	586
436	1570
437	1310
437	217
437	1291
437	1571
438	1572
438	446
439	1387
439	204
439	193
440	211
441	219
441	756
441	229
441	235
441	211
441	239
441	1573
441	217
441	854
441	797
441	557
441	1569
442	1574
442	211
442	845
442	229
442	878
442	559
443	220
444	1044
444	258
444	543
444	440
444	576
445	223
445	220
445	1132
445	1514
445	1575
445	845
445	1576
445	238
445	1044
445	234
445	275
445	164
445	601
445	1577
445	1578
445	435
445	1579
445	1092
445	389
445	1580
445	1581
445	1582
445	1583
445	1584
445	1551
445	1041
445	1585
445	787
445	1586
445	1133
445	1587
445	258
445	713
445	854
445	1588
445	1589
445	344
446	193
446	624
446	1590
447	1591
448	793
449	575
449	1515
449	1592
449	162
449	1593
449	1594
449	1255
449	1595
449	1558
449	363
449	1596
450	1597
450	166
450	1598
450	1041
450	1599
450	291
450	258
451	1600
452	660
452	1601
452	325
452	1602
453	1603
453	306
454	448
454	806
454	671
454	1604
454	1383
454	1605
454	411
454	660
454	1606
454	1607
454	1608
454	345
454	1609
454	1051
454	460
454	1581
454	1610
454	538
454	1611
455	660
455	317
455	1612
456	223
456	220
456	193
456	1613
457	230
457	193
458	1198
458	835
458	493
458	225
458	1614
458	993
458	1565
458	625
458	1615
458	487
458	1616
458	219
458	718
458	162
459	654
459	660
460	1617
460	460
460	1618
460	559
460	1619
460	625
461	193
461	1620
461	1621
461	1622
461	1581
462	164
462	193
462	1623
463	845
463	415
463	1624
463	1625
464	1626
464	1627
464	1628
464	1043
464	1618
464	1629
464	1537
464	1630
464	331
464	559
464	1631
464	714
464	1010
464	1632
464	1633
464	219
464	860
464	1634
465	324
465	275
465	1635
466	230
467	660
468	219
468	808
468	220
468	1636
469	1637
469	220
470	756
470	193
471	993
471	1638
472	1601
472	1298
472	1639
472	1640
472	237
473	793
474	324
474	1494
474	193
475	1003
476	1607
477	1641
478	219
478	710
478	1642
479	1643
479	1288
479	1010
480	1644
480	1645
481	625
481	193
481	1642
481	1265
482	343
483	1646
483	1647
484	1648
484	1649
484	1650
484	1651
484	1652
484	339
484	642
484	1653
484	1654
484	1655
484	1656
484	649
484	281
484	1657
484	1634
484	1658
485	1659
485	442
485	1660
485	1661
486	193
487	1491
487	806
488	1662
489	162
489	1486
489	845
490	1663
490	1664
491	1016
491	1665
491	1666
491	1667
491	1668
492	331
492	317
493	1038
493	258
493	1041
494	917
495	365
495	944
496	1669
496	1670
496	1671
496	901
496	448
496	339
496	269
496	951
496	1672
496	1673
496	702
496	680
496	193
496	949
496	1674
496	1675
496	877
496	326
496	410
496	980
496	1406
496	1676
496	1677
496	1678
496	696
496	162
496	1679
496	983
496	1680
496	1681
496	1682
496	601
496	694
496	1531
497	1255
497	1683
497	1684
497	876
497	1685
498	1686
499	1687
499	180
499	193
499	913
499	1688
500	220
501	1689
502	250
502	241
503	1690
503	1691
504	331
504	1692
504	483
504	1693
504	1694
504	1201
504	1695
504	1696
504	1369
504	1697
504	696
504	1008
504	1558
504	1698
505	1699
506	1027
506	377
506	996
507	746
507	958
507	1080
507	877
507	193
508	357
508	1700
508	460
508	350
508	790
509	565
509	834
509	1701
509	293
509	1306
509	1702
509	1555
509	342
509	163
509	780
509	599
509	333
509	1703
509	1047
509	1704
509	467
509	1580
509	1348
509	1473
509	1092
509	728
158	448
510	1271
510	1048
511	1705
512	636
512	915
513	712
513	851
513	1706
513	1707
513	1708
513	1397
513	193
513	698
513	1158
513	809
513	324
513	1709
513	1710
513	448
513	1711
513	1429
513	838
513	516
513	507
513	834
513	1092
513	1045
513	1712
513	220
513	625
513	718
513	808
513	1040
513	785
514	808
514	1713
514	1109
514	1714
514	207
514	825
514	529
514	1715
514	1716
514	625
514	712
514	854
514	812
514	301
514	578
515	213
515	1717
515	320
515	234
515	221
515	845
515	1718
515	1043
515	1608
515	1719
515	1720
515	1721
515	227
515	226
515	1323
515	1469
515	771
515	625
515	212
515	1722
515	773
515	1723
515	603
515	1724
515	216
515	1161
515	1725
516	183
517	211
517	164
517	1726
518	258
518	1727
518	1728
518	379
518	1729
519	1730
520	1731
310	1732
291	1506
441	1733
357	193
361	1734
293	1735
233	1736
361	834
521	1737
521	1738
521	1739
521	655
521	1740
522	1744
522	1745
522	1746
522	1330
522	1747
522	1268
522	1251
522	1609
522	1748
522	1749
522	1750
522	1751
522	1196
522	1752
522	1753
522	1754
522	461
522	1755
522	1756
522	877
522	1757
522	1758
522	193
523	1759
524	1760
524	1761
524	279
525	910
525	652
525	279
525	338
525	1762
525	1763
525	1760
525	745
526	1764
526	190
526	1765
527	193
527	326
527	1675
527	482
528	482
529	1766
529	1767
530	1768
531	1769
532	1770
533	1771
534	1772
534	1773
534	1774
534	1775
534	1776
534	1777
534	1778
534	1779
534	1780
534	1781
534	1782
534	1783
534	1784
534	1785
534	1786
534	1787
534	1788
535	1789
535	1790
535	1791
535	1792
535	1793
535	1794
535	1795
535	1796
535	1797
535	1798
535	1799
535	1800
535	1801
535	1802
535	1803
535	1804
535	1805
535	1806
535	1807
535	1808
535	1809
535	1810
535	1811
535	1812
535	1813
535	1814
536	1815
536	1813
536	1805
536	1816
536	1817
536	1818
537	1819
538	1820
539	1821
539	1822
539	1823
539	1824
539	1825
540	1826
540	1827
540	1828
540	1829
541	1830
542	1831
542	1832
543	1833
544	1834
544	1835
545	1836
546	1837
547	1839
548	1840
549	1841
550	1842
551	1843
552	1844
553	1845
553	1846
554	1847
555	1829
556	1840
557	1848
557	1849
557	1850
557	1851
557	1852
558	1853
559	1854
559	1855
559	1856
559	1857
560	1858
561	1853
562	1859
563	1860
564	1861
564	1782
564	1788
565	1862
566	1863
567	1782
567	1864
567	1832
567	1865
567	1866
567	1867
567	1770
567	1868
567	1869
567	1870
567	1871
567	1872
568	1873
568	1874
568	1875
568	1824
568	1876
568	1877
568	1825
568	1878
568	1823
569	1879
569	1880
570	1881
571	1882
571	1782
572	1883
572	1884
572	1885
572	1886
572	1887
573	1888
573	1889
574	1840
574	1890
574	1891
574	1892
574	1793
575	1893
575	1894
574	1895
576	1896
577	1896
578	1897
578	1898
578	1899
578	1900
578	1901
578	1902
578	1903
578	1904
578	1905
578	1867
578	1906
578	1857
578	1907
578	1908
578	1909
578	1910
578	1911
578	1832
578	1912
578	1913
578	1914
579	1785
580	1916
581	1917
581	1918
582	1919
583	1920
584	1921
585	1922
586	1923
587	1924
588	1925
588	1926
589	1927
590	1928
591	1929
591	1930
591	1832
591	1931
591	1932
592	1933
592	1934
592	1935
592	1936
593	1784
594	1936
594	1934
595	1784
596	1937
596	1938
596	1939
597	1940
598	1933
598	1934
599	1941
599	1784
600	1785
600	1942
600	1943
600	1766
600	1840
600	1944
600	1945
600	1946
600	1947
600	1908
600	1948
600	1949
600	1950
600	1951
600	1952
600	1953
600	1954
600	1955
600	1956
601	1927
602	1957
602	1958
602	1959
602	1960
602	1961
603	1961
603	1960
603	1962
603	1963
603	1958
604	1964
605	1840
605	1821
606	1965
606	1966
607	1967
607	1968
608	1969
608	1970
608	1971
609	1972
609	1818
609	1910
609	1813
609	1973
609	1974
609	1975
609	1976
609	1812
609	1977
609	1978
609	1979
609	1980
610	1981
610	1982
611	1788
610	1983
610	1984
610	1985
611	1975
610	1986
610	1987
610	1988
611	1989
610	1913
610	1990
611	1991
610	1992
610	1993
610	1972
611	1858
612	1994
612	1995
613	1961
613	1958
613	1960
614	1788
615	1996
615	1997
616	1998
617	1999
618	2000
619	2001
619	2002
620	2003
621	2004
621	2005
622	2006
622	2007
623	2008
623	2009
623	2010
623	2011
623	2012
623	1937
624	2000
624	2013
625	2014
625	2015
626	2016
627	2017
628	1840
628	2018
629	1840
630	2019
631	2020
631	2021
631	2022
631	2023
631	2024
632	2017
633	1811
634	2025
635	1811
636	2026
636	1769
636	2027
637	2028
638	2029
639	2030
640	2031
641	2032
642	2033
643	2034
644	2035
644	2036
645	2037
646	2038
646	2039
646	2040
647	2041
648	2042
648	2043
649	2044
649	2045
649	1999
649	2046
650	1999
650	2047
651	2048
651	2049
652	2050
652	2051
652	2052
653	2041
654	2053
654	2054
654	1831
654	2055
655	2056
656	2057
656	2058
656	2059
656	2060
656	2061
657	1946
657	2022
658	1965
658	2038
658	2062
659	2063
659	1865
659	1788
659	2064
659	2065
659	2066
660	2067
660	2065
660	2068
660	2069
660	2064
660	2063
660	2070
660	2071
660	2072
660	2066
661	1869
661	1821
661	1788
661	1870
661	1775
661	1781
661	2073
661	2017
661	2074
661	1782
661	1857
661	2075
661	1843
662	2076
662	2077
662	1887
662	1916
662	2078
662	2079
662	2080
663	2081
663	2082
663	1835
663	2083
663	2084
663	1788
663	2085
663	2078
663	2086
664	2001
664	2087
664	2088
665	2089
666	2088
666	2087
667	2090
667	2091
667	1870
667	2092
667	2093
668	1821
669	2094
669	2095
669	2096
669	2078
669	2097
669	2098
669	2036
669	2099
669	2100
669	2101
669	1990
669	1965
669	2102
669	2103
669	2104
669	2105
669	1779
670	1840
670	1990
670	2106
670	2107
670	2108
670	2109
670	1918
670	2110
671	1788
672	1916
673	2111
674	1887
674	2112
674	2113
674	2114
675	2047
675	2114
676	1863
676	2115
676	2116
676	2117
676	1906
676	1965
676	2118
676	2119
676	2120
676	1834
676	2121
676	2047
676	2122
676	1928
676	2123
677	1978
678	2124
678	2125
679	2126
680	2127
681	2128
682	2129
682	1791
683	2130
683	2131
683	1769
683	2089
683	2132
682	2133
684	2132
685	1811
685	2134
685	1766
686	2135
687	2136
688	2030
689	2110
689	2137
690	1870
690	2138
690	2139
690	2140
690	2141
691	1777
692	2142
693	2116
694	1857
695	2060
696	2143
697	2144
697	2145
697	2146
697	2147
697	2148
697	2149
698	2150
698	2151
699	2087
700	1834
701	1782
702	1965
702	1966
702	2152
703	2153
704	1975
704	1840
704	2154
704	2155
704	2156
705	2157
706	2158
707	2159
707	2160
708	1902
708	2161
708	2162
708	2163
708	1898
708	2078
708	2164
708	1840
709	2165
709	2166
709	2167
709	1913
709	2078
709	1978
709	2168
709	2169
709	1897
709	2170
709	2171
709	2172
709	2173
710	2076
710	1978
710	2174
711	1823
712	2175
713	2176
714	2177
715	1839
716	2178
717	2179
718	2180
718	2181
718	2182
719	2183
720	2184
721	2185
722	2186
723	2187
724	2188
725	2189
725	2190
726	2191
727	2192
728	2193
729	2194
729	2195
729	2196
729	2197
729	2198
729	2199
730	2200
730	2201
730	2202
730	2203
731	2204
732	2204
733	2206
733	2207
734	2208
734	2209
735	2210
735	2211
736	2212
737	2213
738	2204
739	2214
739	2215
740	2216
741	2217
742	2218
743	2219
743	2220
743	2221
744	2222
745	2223
746	2224
747	2225
747	2226
748	2227
748	2228
748	2229
748	2230
749	2231
749	2232
750	2233
751	2234
751	2235
751	2236
751	2237
752	2238
753	2239
754	2240
755	2241
756	2242
757	2243
757	2244
757	2242
758	2245
758	2246
759	2208
760	2247
760	2248
761	2249
762	2250
763	2251
763	2252
764	2253
765	2254
766	2255
767	2211
768	2210
769	2255
770	2256
771	2257
772	2183
773	660
774	2258
774	2259
774	2260
775	2261
775	2262
775	2263
776	2264
776	2260
776	2265
776	2266
776	2267
776	2259
776	2268
776	2269
776	2270
776	2271
777	2272
777	2268
777	2273
777	2274
777	2275
777	2276
777	2277
777	2278
777	2279
777	2280
777	2281
777	2282
777	2283
777	2284
778	2285
778	2269
778	2286
778	2268
778	2260
778	2266
778	2287
778	2288
778	2259
778	2289
778	2290
778	2267
778	2271
779	2276
780	2284
781	2291
782	2273
782	2292
782	2293
782	2294
782	2295
782	2296
782	2297
782	2298
782	2299
782	2300
782	2301
782	2283
782	2302
783	2304
783	2305
783	2306
783	2307
783	2308
783	2309
783	2310
783	2311
784	2312
785	2313
785	2314
785	2315
786	2316
786	2317
786	2318
786	2319
787	2321
787	2322
788	2323
789	2324
790	2325
791	2326
792	2320
793	2327
793	2328
793	2329
794	2329
795	2330
796	2295
797	2331
797	2332
797	2333
797	2334
797	2335
797	2336
797	2337
797	2338
797	2339
797	2340
797	2341
797	2302
797	2342
797	2343
797	2344
797	2345
797	2346
797	2347
797	2348
797	2349
797	2350
797	2351
797	2352
797	2353
797	2354
797	2355
797	2356
797	2357
797	2358
797	2359
797	2360
797	2310
797	2361
797	2362
797	2363
797	2364
797	2365
797	2366
797	2367
797	2368
797	2369
797	2370
797	2371
797	2372
797	2373
797	2374
797	2375
797	2376
797	2377
797	2378
797	2379
797	2380
797	2381
797	2322
797	2382
797	2383
797	2384
797	2385
797	2386
797	2387
797	2388
797	2389
797	2390
797	2391
797	2392
797	2393
797	2394
797	2395
797	2396
797	2397
797	2398
797	2399
797	2400
797	2401
797	2402
797	2403
797	2404
797	2405
797	2406
797	2407
797	2408
797	2409
797	2410
797	2411
797	2412
797	2413
797	2414
797	2415
797	2311
797	2416
797	2417
797	2291
797	2418
797	2419
798	2420
798	2421
799	2422
799	2423
799	2424
799	2425
799	2426
799	2427
800	2428
801	2429
802	2430
802	2431
802	2432
802	2433
802	2434
802	2435
802	2436
802	2398
803	2437
803	2438
803	2439
803	2440
804	2441
804	2390
804	2442
804	2377
805	2323
806	2443
806	2444
807	2445
808	2446
809	2361
810	2447
810	2448
810	2449
810	2330
811	2450
811	2451
811	2327
812	2452
813	2453
814	2454
815	2455
816	2456
817	2459
818	223
818	2460
819	2461
820	2462
821	2463
822	2463
824	2464
825	2465
826	2465
827	2466
828	2465
829	2463
830	2469
830	2470
831	2471
832	2472
833	274
